71.22465714285714	0.14791733192525686
74.40262857142856	0.12011836984541234
76.25965714285714	0.10601638042380482
77.57802857142858	0.09700616148948446
78.60144285714286	0.09059917620574912
79.43582857142857	0.08576182685159033
80.14221428571429	0.08194105461852576
80.75394285714286	0.07883755211525018
81.29361428571428	0.07625900666406525
81.79072857142857	0.07401682933768954
82.20927142857143	0.07222847088062809
82.70638571428572	0.07022304608049289
83.24605714285714	0.06819245791766144
83.85778571428571	0.06607606922624149
84.56417142857143	0.06387839085878949
85.39855714285714	0.061624144726795164
86.42197142857142	0.05936712552706342
87.74034285714286	0.057288643349436896
89.59737142857144	0.05595174400008303
92.77534285714286	0.0579902236617678
69.72465714285714	0.16256497959055738
72.90262857142856	0.13267713649703108
74.75965714285714	0.11728132567373475
76.07802857142858	0.10732352837224246
77.10144285714286	0.10016579831620512
77.93582857142857	0.0947072918490853
78.64221428571429	0.09035469952775738
79.25394285714286	0.08678649723807716
79.79361428571428	0.08379497420599581
80.29072857142857	0.08117001603028026
80.70927142857143	0.07905770233227817
81.20638571428572	0.07666561925428711
81.74605714285714	0.07421307930762613
82.35778571428571	0.07161582431490347
83.06417142857143	0.06885974354330487
83.89855714285714	0.06594203537238984
84.92197142857142	0.06286630508510681
86.24034285714286	0.059726719611165734
88.09737142857144	0.05688693784167739
91.27534285714286	0.05634787202096204
68.82465714285713	0.171800189711954
72.00262857142856	0.1406979825820637
73.85965714285713	0.12454591210345654
75.17802857142857	0.11403250553096683
76.20144285714285	0.10643361613199487
77.03582857142857	0.10060948955200225
77.74221428571428	0.09594343967388902
78.35394285714285	0.09210103156326566
78.89361428571428	0.08886558622472418
79.39072857142857	0.0860143466967889
79.80927142857142	0.08371038271664676
80.30638571428571	0.08108938469465768
80.84605714285713	0.07838682706493223
81.4577857142857	0.07550438577785644
82.16417142857142	0.07241679245032316
82.99855714285714	0.06910473019897674
84.02197142857142	0.06554167710544737
85.34034285714286	0.061769374989273394
87.19737142857143	0.05803133703840807
90.37534285714285	0.05594600093938178
87.82465714285713	0.057187574190087104
91.00262857142856	0.05617983773960866
92.85965714285713	0.058118560805964566
94.17802857142857	0.06062233124585672
95.20144285714285	0.06320770335243717
96.03582857142857	0.0657281780172154
96.74221428571428	0.06815002631390339
97.35394285714285	0.07045953183516548
97.89361428571428	0.07265963373793341
98.39072857142857	0.07482044117472804
98.80927142857142	0.07673901999199292
99.30638571428571	0.07913510629868424
99.84605714285713	0.08187975475224382
100.4577857142857	0.08517022983611541
101.16417142857142	0.08920506911753165
101.99855714285714	0.09429256858490905
103.02197142857142	0.1010020754826095
104.34034285714286	0.1103944363693873
106.19737142857143	0.12501879373084895
109.37534285714285	0.15366277709528114
91.32465714285713	0.05638255007934587
94.50262857142856	0.06138177190325555
96.35965714285713	0.06680573715811929
97.67802857142857	0.07176251151355323
98.70144285714285	0.07623608330665231
99.53582857142857	0.08028380646192619
100.24221428571428	0.08398901440485926
100.85394285714285	0.08740215434137551
101.39361428571428	0.09056949329619379
101.89072857142857	0.09361564829487079
102.30927142857142	0.09627526357866262
102.80638571428571	0.09954606785094636
103.34605714285713	0.10323335144479712
103.9577857142857	0.10758314200262638
104.66417142857142	0.11282846807521807
105.49855714285714	0.11932724115897769
106.52197142857142	0.12773862464544444
107.84034285714286	0.13927277180425376
109.69737142857143	0.15680925073655896
112.87534285714285	0.19012056586717357
96.32465714285713	0.06668660212326791
99.50262857142856	0.08011592371809138
101.35965714285713	0.09036590296262634
102.67802857142857	0.09868994382225502
103.70144285714285	0.10573848148109533
104.53582857142857	0.11185785380165889
105.24221428571428	0.1172960419530356
105.85394285714285	0.12219361586244257
106.39361428571428	0.12665738491508527
106.89072857142857	0.13088641611951987
107.30927142857142	0.13453326057344395
107.80638571428571	0.13896599636341592
108.34605714285713	0.14390123414371536
108.9577857142857	0.14964813208406375
109.66417142857142	0.15648284878967778
110.49855714285714	0.16482475271159974
111.52197142857142	0.1754439687262724
112.84034285714286	0.18973215529322607
114.69737142857143	0.2109653642578636
117.87534285714285	0.250067162509919
