-9.727400000000003	0.02265550269572808	-0.0024142109493416205
12.5184	0.022399439980688263	0.0030695813468552225
25.5176	0.02170009668664695	0.00602138744199138
34.7462	0.021038290507445056	0.007873395880623626
41.9101	0.020476966859049747	0.009136936769379808
47.7508	0.020013931096995237	0.010043293596731024
52.6955	0.01963253345283216	0.010719715357486443
56.9776	0.019318671114456173	0.011236727340641857
60.755300000000005	0.019059768734602425	0.011639376431659977
64.2351	0.01883981416502836	0.011965829532417255
67.1649	0.01867056188830511	0.012207679411469354
70.6447	0.018490695415515183	0.012455860921276686
74.42240000000001	0.01832390812786909	0.012677496187715994
78.7045	0.018173647970923388	0.012868937066298021
83.64920000000001	0.018054797030710345	0.013011510625444842
89.4899	0.017993338749874598	0.013072241279176564
96.6538	0.018036647851019893	0.012988122240302453
105.8824	0.018278909700958468	0.01262188689810379
118.8816	0.01892825531426517	0.011609389645633303
141.12740000000002	0.020512622779981986	0.008535753688762547
-29.827400000000004	0.013116463384402827	-0.004238019121752133
-7.581600000000002	0.013623827511579395	-0.0011319977729385001
5.4176	0.013588435877701173	0.0008070420555018495
14.6462	0.01340366226302712	0.002147539081054393
21.810100000000002	0.013180006884068014	0.003133876501100057
27.6508	0.012955764150823496	0.0038886253863216467
32.5955	0.012743694310984238	0.004486104799511055
36.8776	0.012548594514503757	0.004969320879858365
40.655300000000004	0.012371185464611537	0.005367400854095345
44.1351	0.012206036461464034	0.005709594505273815
47.0649	0.012067450977759782	0.005978926557889199
50.5447	0.011905383294259771	0.006276025011519945
54.3224	0.011735000690668598	0.006570091495210156
58.6045	0.011552195999634455	0.006867185212691832
63.5492	0.011359367961650413	0.007162077976411986
69.3899	0.011163406010353715	0.007443915041541969
76.5538	0.010979773722991595	0.007691888708422633
85.7824	0.010849420515491544	0.007854394919734201
98.7816	0.010884972935716289	0.007786551910569542
121.0274	0.011488089435510695	0.006861640058911221
67.77259999999998	0.012955801364785762	0.008518411091058362
90.01839999999999	0.01243701556498084	0.009036020113762932
103.01759999999999	0.01252503861109898	0.00879452806910579
112.24619999999999	0.012751037889270383	0.008382354716597226
119.41009999999999	0.01300262478683113	0.007924562572338312
125.25079999999998	0.013244689500104063	0.007462635313609656
130.19549999999998	0.013467258622618182	0.007010157594028102
134.4776	0.013667404563500072	0.006573823208729927
138.25529999999998	0.01384572375889687	0.006155613236174392
141.7351	0.014008461931686103	0.005743784791188244
144.6649	0.014142398287287066	0.00537808856934674
148.1447	0.01429560446492246	0.004922351880484045
151.92239999999998	0.014451988937985933	0.004402978645943528
156.2045	0.014613070147403769	0.0037860121574290035
161.14919999999998	0.014772673981412573	0.0030409335693846137
166.98989999999998	0.014917827041843754	0.002124295647580244
174.1538	0.01502233643743738	0.0009627378647460196
183.3824	0.015026769568541223	-0.0005573070658317803
196.3816	0.014785959619200453	-0.0026479478284293398
218.6274	0.013872267403696945	-0.005738457363991618
-42.927400000000006	0.006103224649959163	-0.0027837876944492323
-20.681600000000003	0.006541762814897538	-0.0014759631245320213
-7.682400000000001	0.006686230515440532	-0.0005629326274563893
1.546199999999999	0.006713680657207117	0.00011383412759414923
8.7101	0.0066891657451917	0.0006383982302804563
14.550799999999999	0.006640743217390018	0.0010570874377217926
19.4955	0.0065815602038131315	0.0014006805555457783
23.7776	0.006518438409288033	0.001687573486867942
27.5553	0.00645491612990903	0.001930891050978152
31.0351	0.006390998645319911	0.002145876407804996
33.9649	0.006333943895542858	0.0023194810482709514
37.4447	0.006263278274525536	0.0025162771865796228
41.2224	0.006184241255248289	0.0027177061223132093
45.5045	0.0060935353583086715	0.002929870034935072
50.449200000000005	0.005990013991821642	0.0031525896491136174
56.2899	0.005873626876987719	0.0033838759537960384
63.4538	0.005746545584064296	0.0036194476329002943
72.6824	0.005620553236637902	0.0038438782598592012
85.6816	0.005538457428549427	0.004008849898478125
107.9274	0.005696309642789689	0.0038787852270957333
-166.5274	0.002702909954367125	-0.00039851846321180983
-144.2816	0.0025539893955901123	-0.000981247623132165
-131.2824	0.0024403908934287314	-0.0012462756802063461
-122.0538	0.0023640589703841277	-0.0013931933130593508
-114.8899	0.00231318817726425	-0.0014825476843193176
-109.0492	0.002279616242960348	-0.0015392762585031297
-104.1045	0.0022578916666039714	-0.0015759886215318947
-99.82239999999999	0.0022446006076836758	-0.0015994205094110466
-96.04469999999999	0.00223740960679057	-0.0016136612963968105
-92.5649	0.00223468829859022	-0.0016214478788697379
-89.6351	0.002235354176511302	-0.0016240363554907297
-86.1553	0.002239679058103259	-0.0016223882545709817
-82.3776	0.0022486925760004457	-0.001614772329552249
-78.09549999999999	0.002264228724858476	-0.0015987615452518129
-73.15079999999999	0.0022888913311602498	-0.0015704398282236824
-67.31009999999999	0.002326570270055257	-0.0015232665160611952
-60.14619999999999	0.002383660115281394	-0.0014448893987142046
-50.91759999999999	0.002470272775157539	-0.0013104075032300904
-37.91839999999999	0.0026030230428115567	-0.001058216037562383
-15.672599999999989	0.0027949489794062794	-0.0004790067051039174
-94.62740000000001	0.0010147768510085698	-0.0007341078563643312
-72.3816	0.0010384514618102675	-0.0007086854753281278
-59.382400000000004	0.001080977127429938	-0.0006490309125183852
-50.153800000000004	0.0011195793511373097	-0.0005862879904406539
-42.9899	0.001151845893953889	-0.0005260752178691714
-37.1492	0.0011782400806876487	-0.00046983499981882027
-32.204499999999996	0.0011998254761311437	-0.0004174932944053957
-27.9224	0.001217453120075548	-0.00036891385882604615
-24.1447	0.0012318649409603034	-0.0003237604570895748
-20.6649	0.0012439769963688762	-0.0002804441160380995
-17.7351	0.0012531787888257259	-0.00024282611603318975
-14.255299999999998	0.0012627905065986692	-0.00019695174922909923
-10.477599999999999	0.0012714588836642625	-0.0001459129639220171
-6.195499999999999	0.0012788923986152736	-8.685349374492216e-05
-1.2507999999999981	0.001284136761895605	-1.7613640373320305e-05
4.5899	0.001285583615341073	6.469375711624501e-05
11.753800000000002	0.0012804092925489138	0.0001647838429325116
20.982400000000002	0.0012633625640758879	0.00028913798505668517
33.9816	0.0012239825496657263	0.00044843146233336165
56.2274	0.0011417489728093007	0.0006571982404546835
