71.22465714285714	0.4556754182108415
74.40262857142856	0.45217573623245966
76.25965714285714	0.4504004009484882
77.57802857142858	0.4492660815902637
78.60144285714286	0.4484594899315952
79.43582857142857	0.4478505037288275
80.14221428571429	0.44736949700313927
80.75394285714286	0.4469787891864452
81.29361428571428	0.4466541695470489
81.79072857142857	0.4463718961456566
82.20927142857143	0.44614675515495744
82.70638571428572	0.4458942871307242
83.24605714285714	0.4456386512268165
83.85778571428571	0.44537221367633023
84.56417142857143	0.4450955423619567
85.39855714285714	0.44481174958795605
86.42197142857142	0.4445276077054111
87.74034285714286	0.44426594230227356
89.59737142857144	0.4440976366458823
92.77534285714286	0.4443542660306343
69.72465714285714	0.45751944779772696
72.90262857142856	0.4537567912803112
74.75965714285714	0.4518185735322489
76.07802857142858	0.4505649611254145
77.10144285714286	0.44966385629958366
77.93582857142857	0.44897667104939365
78.64221428571429	0.44842871214134367
79.25394285714286	0.44797950208765364
79.79361428571428	0.44760289165114814
80.29072857142857	0.4472724289959176
80.70927142857143	0.44700650445670803
81.20638571428572	0.44670535903930747
81.74605714285714	0.4463966025530783
82.35778571428571	0.4460696275219535
83.06417142857143	0.44572265750992124
83.89855714285714	0.4453553398138648
84.92197142857142	0.44496812831201626
86.24034285714286	0.4445728779184518
88.09737142857144	0.44421537057509597
91.27534285714286	0.4441475062090631
68.82465714285713	0.45868209186823544
72.00262857142856	0.45476655597636495
73.85965714285713	0.4527331307785041
75.17802857142857	0.45140957130864096
76.20144285714285	0.45045292781206303
77.03582857142857	0.4497197137167572
77.74221428571428	0.4491322928403316
78.35394285714285	0.4486485623190368
78.89361428571428	0.44824124388352077
79.39072857142857	0.4478822940938378
79.80927142857142	0.44759224221359184
80.30638571428571	0.4472622781121774
80.84605714285713	0.44692204626448745
81.4577857142857	0.446559168406057
82.16417142857142	0.44617046343592526
82.99855714285714	0.4457534995025588
84.02197142857142	0.4453049376942572
85.34034285714286	0.4448300329947556
87.19737142857143	0.44435944189809606
90.37534285714285	0.44409691363737647
87.82465714285713	0.44425321844896815
91.00262857142856	0.4441263519463783
92.85965714285713	0.444370422719845
94.17802857142857	0.4446856287430529
95.20144285714285	0.44501110780744474
96.03582857142857	0.44532841676797197
96.74221428571428	0.44563330940439305
97.35394285714285	0.44592405892333264
97.89361428571428	0.44620103534272576
98.39072857142857	0.4464730648819432
98.80927142857142	0.4467145996447017
99.30638571428571	0.44701624903873627
99.84605714285713	0.44736177980719904
100.4577857142857	0.4477760260771952
101.16417142857142	0.4482839822475832
101.99855714285714	0.4489244604837803
103.02197142857142	0.44976913735719265
104.34034285714286	0.45095156553690324
106.19737142857143	0.45279266304825355
109.37534285714285	0.45639872690350286
91.32465714285713	0.44415187191795624
94.50262857142856	0.4447812366572878
96.35965714285713	0.44546407342649147
97.67802857142857	0.44608809434615004
98.70144285714285	0.4466512836673318
99.53582857142857	0.44716086182134
100.24221428571428	0.44762731986487403
100.85394285714285	0.448057008724883
101.39361428571428	0.44845575307468166
101.89072857142857	0.4488392412682915
102.30927142857142	0.4491740669949276
102.80638571428571	0.4495858368564659
103.34605714285713	0.450050038358145
103.9577857142857	0.45059764454506834
104.66417142857142	0.45125799197366157
105.49855714285714	0.45207613903172444
106.52197142857142	0.4531350694736703
107.84034285714286	0.4545871325698302
109.69737142857143	0.4567948444659574
112.87534285714285	0.4609884905777788
96.32465714285713	0.44544907521421057
99.50262857142856	0.44713972663609847
101.35965714285713	0.4484301225702293
102.67802857142857	0.44947805722692924
103.70144285714285	0.45036541554439946
104.53582857142857	0.45113579887625815
105.24221428571428	0.45182042620204677
105.85394285714285	0.45243699422711603
106.39361428571428	0.45299894945639124
106.89072857142857	0.4535313529414446
107.30927142857142	0.45399046345703514
107.80638571428571	0.45454851183001166
108.34605714285713	0.4551698214554982
108.9577857142857	0.4558933130411075
109.66417142857142	0.4567537528954186
110.49855714285714	0.4578039363784239
111.52197142857142	0.4591408164678442
112.84034285714286	0.4609395925836036
114.69737142857143	0.4636126952175554
117.87534285714285	0.4685353199641915
